T7= A*B
T7 =
 -4 18
 -2 13
>> T8= B*A
T8 =
 -3 -5
 4 12
%Falso 