T1= (A+B)^2
T1 =
 5 35
 7 54
>> T2= A^2 + 2*A*B + B^2
T2 =
 4 58
 1 55
>> T3= A^2 + A*B + B*A + B^2 
T3 =
 5 35
 7 54
%Somente T1 e T3 são equivalentes. 