T5= A*(B+C)
T5 =
 10 24
 7 17
>> T6= (A*B) + (A*C)
T6 =
 10 24
 7 17
%Verdadeiro