T3= (A*B)*C
T3 =
 24 14
 20 11
>> T4= A*(B*C)
T4 =
 24 14
 20 11
%Verdadeiro 